#Each row is a separate event. The columns are the velocities (m/s) of the muons involved in that event.

2.997723724004744291e+08 2.997974637403821945e+08 2.999120900395210385e+08 2.999660579380770922e+08
2.999463689084187150e+08 2.991355124527796507e+08 2.997895072351865768e+08 2.998467932909049988e+08
2.999215647676352859e+08 2.999353957666844130e+08 2.998796050654538870e+08 2.998288579467807412e+08
2.998693900574308038e+08 2.999563180607720017e+08 2.999006281666316390e+08 2.987564354241480827e+08
2.999265501872230172e+08 2.999227057080860138e+08 2.998418977579405308e+08
2.993591967403717041e+08 2.999519915753806829e+08 2.998209482456530929e+08
2.999351994831411839e+08 2.999226547072634101e+08 2.999158047750336528e+08
2.999393709031229615e+08 2.998392374272128344e+08 2.999329244021930695e+08
2.999323447698646784e+08 2.999328299945374131e+08 2.999541231220341921e+08 2.998383099281036258e+08
2.998771888731516004e+08 2.995858224070214629e+08 2.999064081111135483e+08 2.999432951025765538e+08 2.999677552603940368e+08
2.999425220259827971e+08 2.998276339308976531e+08 2.996986907007420063e+08 2.999179207130358815e+08 2.998274547139059901e+08
2.999066708883045316e+08 2.998443620651112795e+08 2.999254471747888923e+08 2.999771383009997606e+08
2.999256484013490677e+08 2.999096890013486147e+08 2.997799669152865410e+08
2.999457104399870038e+08 2.996820959161836505e+08 2.999489575373860598e+08 2.997611156487270594e+08
2.998698871349803805e+08 2.996549956083459854e+08 2.999057513153676987e+08 2.995347974653195739e+08
2.992809848118275404e+08 2.999412728906199932e+08 2.999236425905554891e+08 2.996427413484814167e+08
2.997977893014870882e+08 2.999248001954264045e+08 2.999274140183663964e+08 2.998677653730603456e+08 2.998036686479700804e+08
2.999177281822898984e+08 2.998235541296532750e+08 2.996844478236528635e+08 2.997835697444832325e+08 2.999546995119658709e+08
2.997862299973161817e+08 2.960717168876404166e+08 2.998931738503196836e+08 2.998758081149480343e+08
2.996991133767564297e+08 2.999355063350219727e+08 2.997885739274848104e+08 2.999532906852434278e+08
2.991179304641256928e+08 2.997320876584361792e+08 2.999147137309288979e+08 2.998910680317742825e+08
2.999177037332157493e+08 2.997497662097644806e+08 2.999504544298119545e+08
2.999477984689476490e+08 2.999095998186504245e+08 2.998705158668056726e+08 2.999550848703099489e+08
2.999500863133521080e+08 2.998262564301064014e+08 2.999248342014563084e+08 2.999186370102941394e+08
2.999653402384130955e+08 2.999155590473622084e+08 2.999538082510067225e+08 2.998848624284361005e+08 2.998573071302079558e+08 2.999647019762737155e+08
2.997348974526219368e+08 2.999352638675919175e+08 2.999521601385446191e+08 2.999218711102279425e+08
2.999039215256167054e+08 2.999619898648939133e+08 2.999599759643946290e+08 2.998436766984605789e+08
2.999346774103550315e+08 2.997029242042440772e+08 2.998892365662474632e+08 2.999435799087542892e+08 2.999336791811093688e+08
2.999670036235564947e+08 2.998978383318571448e+08 2.998323138629117012e+08
2.999169243085855842e+08 2.999621793956929445e+08 2.999276321233924627e+08 2.998889260681318641e+08 2.998412281832415462e+08
2.999747283953647614e+08 2.996381274911876917e+08 2.999100691272061467e+08 2.999257505675528646e+08 2.996923128842491508e+08
2.999553861971830726e+08 2.999237726858309507e+08 2.998524320463476777e+08 2.999267067372420430e+08
2.999022665225680470e+08 2.999403505343916416e+08 2.997938295591565371e+08 2.999340786030516028e+08
2.999169564756512642e+08 2.999453220413666964e+08 2.999069642341923714e+08 2.998178211635552049e+08
2.999638503421642780e+08 2.998220781266661286e+08 2.999179861512203217e+08
2.998494485177442431e+08 2.999504119543495178e+08 2.999549221130140424e+08 2.999436387329174876e+08 2.992446676824162602e+08
2.998747816588349938e+08 2.999702379195936918e+08 2.999721114318349957e+08 2.996186974938117266e+08 2.999044760721046329e+08
2.999612292965949774e+08 2.998823656404623985e+08 2.996591981808384657e+08 2.999291739955823421e+08 2.999635405719804764e+08
2.998856446502005458e+08 2.999240298122356534e+08 2.998613626990774274e+08 2.998023681457362771e+08 2.996887899980136156e+08
2.998937493318128586e+08 2.815066325612946153e+08 2.999696335181169510e+08
2.989072576172394156e+08 2.999206715225540996e+08 2.998309825776568651e+08 2.998322896926802397e+08 2.998331553252441287e+08
2.999218106812315583e+08 2.996047814361509681e+08 2.999433106923877597e+08 2.999239090427665114e+08
2.999497537375817895e+08 2.999551022215996981e+08 2.999666023540336490e+08 2.999195281801841259e+08 2.997298748614240885e+08
2.998784269145700336e+08 2.999365475739592314e+08 2.999317533632250428e+08 2.999038906396860480e+08
2.999328044045456052e+08 2.998314821689178944e+08 2.994580984709243774e+08
2.999242541915475130e+08 2.999485817467676401e+08 2.999202478682128787e+08 2.998069671748345494e+08
2.999030399515368342e+08 2.999208261085062027e+08 2.999606308201128840e+08 2.997560919354541898e+08
2.993609481844978333e+08 2.998423175622913241e+08 2.997447609511604905e+08 2.998959075663958192e+08 2.968336193605688214e+08
2.998708366204870343e+08 2.999350270723839998e+08 2.999301645724986792e+08 2.998778775630844831e+08
2.998914494546689391e+08 2.999232544481784105e+08 2.999629120950530171e+08 2.999522151536715031e+08 2.999252308022003770e+08
2.997881286045479178e+08 2.997647606684848070e+08 2.999272341276844144e+08
2.999402442876313329e+08 2.999153279752742648e+08 2.994918043024687767e+08 2.999632955178049207e+08
2.998533185467995405e+08 2.981397534770419002e+08 2.997494232512434721e+08 2.999122519870167971e+08
2.998174622829727530e+08 2.998844565220981240e+08 2.993250689411393404e+08 2.999473663421012759e+08 2.999366911138327718e+08
2.998015833092316985e+08 2.998034594331399798e+08 2.998960761939371228e+08 2.997980046200894117e+08
2.993420435338392854e+08 2.998374491395727992e+08 2.998993297669333220e+08
2.999369258572972417e+08 2.999259565447106361e+08 2.999371180701240301e+08 2.999340240984153748e+08
2.999452743660440445e+08 2.999081987606904507e+08 2.999404195092474222e+08 2.999380236141834855e+08
2.998135476951698065e+08 2.996268144852486253e+08 2.999571160774126649e+08 2.998219715715422630e+08 2.999413770235810876e+08
2.998924843570358157e+08 2.998985430741771460e+08 2.997161790121205449e+08 2.999636423779248595e+08 2.990285845788077116e+08
2.999562136546251178e+08 2.997940380653897524e+08 2.996364380438559055e+08
2.998682324680044651e+08 2.995087689181470871e+08 2.999301878401426077e+08 2.999549646994444728e+08 2.993371564979718328e+08
2.999536783277447820e+08 2.999171639353598356e+08 2.998794309356355667e+08 2.991540664843894839e+08 2.999255058530287147e+08
2.999121039287399650e+08 2.996594610419715643e+08 2.998050203508444428e+08 2.998772845539658666e+08 2.995691357450069785e+08
2.998968395985946655e+08 2.999207873441134691e+08 2.991188692588195801e+08 2.999309198384787440e+08 2.998546953941869736e+08
2.995750725889474750e+08 2.998588626738876700e+08 2.996370178079501987e+08 2.991219526614151597e+08 2.999395913677729368e+08
2.999166434352219105e+08 2.999302602295494676e+08 2.998070136538053155e+08 2.994439493851929307e+08
2.998869233345571160e+08 2.997519663668806553e+08 2.998929591530494094e+08
2.991432540360918045e+08 2.997040232228812575e+08 2.997927800438830256e+08 2.998792014114124775e+08
2.999480362389507890e+08 2.999014905876295567e+08 2.998994562271093130e+08 2.999603279592102766e+08
2.998999625479891300e+08 2.999319093785095811e+08 2.999384308900769353e+08 2.998600506275293231e+08
2.998990189182634354e+08 2.999532765379608274e+08 2.999009280754237175e+08 2.995735424434752464e+08
2.999151233840592504e+08 2.999686185734168291e+08 2.999724052443925738e+08 2.998666167330320477e+08
2.998511308356070518e+08 2.999372975597038865e+08 2.999348041694418788e+08
2.998054405356107950e+08 2.999386181366412044e+08 2.998206945763707757e+08 2.999002100613995194e+08
2.999368083601316810e+08 2.993055965683937669e+08 2.999223801602587104e+08 2.999591179701988697e+08
2.997714693038293123e+08 2.994014682125573158e+08 2.998721968202683330e+08 2.998727047325638533e+08
2.975674558542231917e+08 2.997994284112460613e+08 2.997048704206044674e+08 2.997407061099404693e+08
2.997956949180194139e+08 2.999114627348744273e+08 2.998987278964557052e+08
